image_width: 1280
image_height: 720
camera_name: zenmuseX3
camera_matrix:
  rows: 3
  cols: 3
  data: [778.284644, 0.000000, 642.166530, 0.000000, 778.583237, 366.065267, 0.000000, 0.000000, 1.000000]
distortion_model: plumb_bob
distortion_coefficients:
  rows: 1
  cols: 5
  data: [-0.122735, 0.100671, -0.000448, -0.004441, 0.000000]
rectification_matrix:
  rows: 3
  cols: 3
  data: [1.000000, 0.000000, 0.000000, 0.000000, 1.000000, 0.000000, 0.000000, 0.000000, 1.000000]
projection_matrix:
  rows: 3
  cols: 4
  data: [757.596436, 0.000000, 634.148234, 0.000000, 0.000000, 761.981262, 364.952056, 0.000000, 0.000000, 0.000000, 1.000000, 0.000000]
