image_width: 1280
image_height: 720
camera_name: zenmuseZ3
camera_matrix:
  rows: 3
  cols: 3
  data: [886.464597, 0.000000, 644.064726, 0.000000, 887.895955, 370.153353, 0.000000, 0.000000, 1.000000]
distortion_model: plumb_bob
distortion_coefficients:
  rows: 1
  cols: 5
  data: [0.112129, -0.177606, 0.002948, 0.003212, 0.000000]
rectification_matrix:
  rows: 3
  cols: 3
  data: [1.000000, 0.000000, 0.000000, 0.000000, 1.000000, 0.000000, 0.000000, 0.000000, 1.000000]
projection_matrix:
  rows: 3
  cols: 4
  data: [895.248413, 0.000000, 648.596430, 0.000000, 0.000000, 904.199707, 371.260956, 0.000000, 0.000000, 0.000000, 1.000000, 0.000000]
