image_width: 1280
image_height: 720
camera_name: zenmuse_x3_dome
camera_matrix:
  rows: 3
  cols: 3
  data: [813.184747, 0.000000, 635.723761, 0.000000, 811.831538, 338.252115, 0.000000, 0.000000, 1.000000]
distortion_model: plumb_bob
distortion_coefficients:
  rows: 1
  cols: 5
  data: [-0.131177, 0.102364, 0.004770, 0.000149, 0.000000]
rectification_matrix:
  rows: 3
  cols: 3
  data: [1.000000, 0.000000, 0.000000, 0.000000, 1.000000, 0.000000, 0.000000, 0.000000, 1.000000]
projection_matrix:
  rows: 3
  cols: 4
  data: [787.347717, 0.000000, 635.742832, 0.000000, 0.000000, 792.839111, 339.411320, 0.000000, 0.000000, 0.000000, 1.000000, 0.000000]
